111131111111111111111111111111111011111
001111111111111111111111111111111011111
131111111111111111111111111111111011111
111111111111111111111111111111011011111
111011111111111111111111111111311011111
111011111111111111111111111110111111111
111011111111111111111111111110111111111
111000010000000000000000000000110000011
111011111111111111111111111111111111111
111011111111111111111111111111111111111
111011111111111111111111111111111111111
111000000000000000000000000011000000111
111011111111110111111001111111111111111
111011111111110111111001111111110111111
111011111111111111111101111011110111111
111011111111111110011111111011111111111
111011111111111110011111131031111111111
111011100000000000000000000000000000000
111011111111111111111111111133331111111
111011111111111111111111111111111111111
111000000000000000000000000000000001111
113111111111333333111111111111111111222
111111111111111111111111111111111111222