11111111100001111111111111111101111111111111111111111111111
11111111111111111111111111111011111111111111111111111000000
11111111111111111111111111111100000000000000111111111111111
01100000000001100000000100011111111111111111111111000000000
01100000000001111111111111111111111111111111111111111111000
01111111111111111111111111111111111111111111111111111111111
01111111111111111111111100000000000000000000000000000111111
01111111111111110000011111111100000111111111111111111111111
11222111111111111111111101101100000001111111111111111111111
11222111111111111111111111111111111111111110000000000000000
11111111111111111111111100001111111111111111111000000000000
01100000000001111111111100001110000001100111111111111100000
01100000000001111111111100001100000001111111111111000000000
11111111100001100000000000001111111111111111000000000000000
11111111111111111111111100001100000110000011111111111111111
11111111111111111111111111111110010100000000000101010101010
01100000000001111111111111101111111111111111000000000000011
01100000000001111111111100001111111110000000000111111111111
01111111111111111111111100001111111111111111111111000000000
01111111110111111111111111111111111111111111111111000000000
01111111111111110000111111111111111111111111111111000000000
11111111111111111111111100001111110000001111000000000000000
10111111111111011111111101111111110000001111000000000011000
00000000000001111111111101111111110000001111000000111111000
00000000000001111111111100001111110000001111000000111111000
11111111100001111111111100001111110000001111000000000111000
11111111111101111111111100001111110000001111000000000011000
11111111111101111111111100001111110000001111000000000011000
01100000000000000000110100001111110000001111000000000111000
01100000000001111111111111111111110000001111000000000111000
01111111111111111111111111111111110000001111111111111111000
01111111111111111111111111111111110000001111111111111111000
01111111111111110000011100000011110000001111000000000000000
11111111100001111111111111111101111111111111111111111111111
11111111111111111111111111111011111111111111111111111000000
11111111111111111111111111111100000000000000111111111111111
01100000000001100000000100011111111111111111111111000000000
01100000000001111111111111111111111111111111111111111111000
01111111111111111111111111111111111111111111111111111111111
01111111111111111111111100000000000000000000000000000111111
01111111111111110000011111111100000111111111111111111111111