11111111100001111111111111111101111111111111111111111111111
11111111111111131111111111111011111111111111111111111000000
11111111111331111111111111111100000000000000111111111111111
01100000000001100000000100011111111111111111131111000000000
01100000000001111111111131111111111111111111111111111111000
01111111111111311111111111111111111111111111111111111111111
01113111111111111111111100000000000000000000000000000111111
03113111111111110000011111111100000111111111111111111111111
31222111131111111111111101101100000001111111111111111111111
31222111111111111111111111111111111111111110000000000000000
11111111111111111131111100001111111111111111111000000000000
01100000000001111111111100001110000003300111113111111100000
01100000000001111111111100001100000001111111113111000000000
11111111100001100000000000001111111111111111000000000000000
11111113111111111111111100001100000110000011111111111111111
11111111111111111111111111111110010100000000000101010101010
01100000000001111111111111101113111111111111000000000000011
01100000000001111111111100001111111110000000000111111111111
01111111111111111111111100001111111111131311111111000000000
01111111110111111111111111111111131111111111111111000000000
01111111111111110000111111131113111111111111111111000000000
11111111111111111111111100001111110000001111000000000000000
10111111111111011111111103331111110000001111000000000033000
00000000000001111111111103331111110000001111000000311111000
00000000000001111111111100001111110000001111000000311111000
11111111100001113111111100001131110000001131000000000111000
11111111111101111111111100001111110000001111000000000011000
11111111111101111111111100001111110000001111000000000011000
01100000000000000000110100001111110000001111000000000111000
01100000000001111111111111111111110000001111000000000111000
01111131113111111111111111111111110000001111111111111111000
01131111111111111111111111111111110000001111111111111111000
01111111111111110000011100000011110000001111000000000000000
11113111100001111111111111111101111111111111113111111111111
11111111111111111111111111111011111111111111111111111000000
11111111131111111111111111111100000000000000111111111111111
01100000000001100000000100011111111111111111111111000000000
01100000000001111111111113111111311311331111331111111111000
01111111113113111111111111111111111111111111111111111111111
01111111111111111111111100000000000000000000000000000111111
01113311111111110000013111111100000111111111111111111111113