22211111111111111111111111
22211111111111111111131111
00000000000000000000001111
11111111111111111111111111
11111111111131111111111111
11110000000000000000000000
11111111111111111111111113
11111111111111111111111111
11111111111111111111111113
11111111111111111111111111
11111111111111111111113111
00000000000000000000001111
11111111111111111111111111
11111111111131111111111111
11110000000000000000000000
11111111111111111111111113
11111111111111111111111111
11111111111111111111111113
11111111111111111111111111
11111111111111111111311111
00000000000000000000001111
11111111111111111111111111
11111111111131111111111111
11110000000000000000000000
11111111111111111111111113
11111111111111111111111111
11111111111111111111111113
11111111111111111111111111
11111111111111111111131111
00000000000000000000001111
11111111111111111111111111
11111111111131111111111111
31110000000000000000000000